#h3a h4a
0.0     -5e-7 
0.0     -8e-7 
0.0     -11e-7 
0.0     -14e-7 
0.0     -17e-7 
0.0     -20e-7 
0.0     -23e-7 
0.0     -26e-7 
0.0     -29e-7 
0.0     -32e-7 
0.0     -35e-7
0.0      0.0 
0.0      5e-7 
0.0      8e-7 
0.0      11e-7 
0.0      14e-7 
0.0      17e-7 
0.0      20e-7 
0.0      23e-7 
0.0      26e-7 
0.0      29e-7 
0.0      32e-7 
0.0      35e-7
-3e-4    0.0 
-4e-4    0.0 
-5e-4    0.0 
-6e-4    0.0 
-7e-4    0.0 
-8e-4    0.0 
-9e-4    0.0 
-10e-4   0.0 
-11e-4   0.0 
-12e-4   0.0
3e-4     0.0 
4e-4     0.0 
5e-4     0.0 
6e-4     0.0 
7e-4     0.0 
8e-4     0.0 
9e-4     0.0 
10e-4    0.0 
11e-4    0.0 
12e-4    0.0
0.0      2e-7
0.0      4e-7
0.0     -2e-7
0.0     -4e-7
2e-4     0.0
2e-4     2e-7
2e-4     4e-7
2e-4    -2e-7
2e-4    -4e-7
4e-4     0.0
4e-4     2e-7
4e-4     4e-7
4e-4    -2e-7
4e-4    -4e-7
-2e-4    0.0
-2e-4    2e-7
-2e-4    4e-7
-2e-4   -2e-7
-2e-4   -4e-7
-4e-4    0.0
-4e-4    2e-7
-4e-4    4e-7
-4e-4   -2e-7
-4e-4   -4e-7
-3.5e-4  0.0
3.5e-4   0.0
